Final Test Loss: 0.2922
Final Test Accuracy: 0.8944

Confusion Matrix:
[[826   0  13  16   5   1 127   0  12   0]
 [  2 977   1  13   5   0   1   0   1   0]
 [  9   0 857   8  65   0  60   0   1   0]
 [ 25   7  12 880  34   2  31   0   9   0]
 [  0   1  44  32 870   0  49   0   4   0]
 [  0   0   0   0   0 953   0  42   0   5]
 [100   0  66  26  77   0 720   0  11   0]
 [  0   0   0   0   0   4   0 991   0   5]
 [  1   0   6   0   4   2   5   5 977   0]
 [  0   0   0   0   0  14   1  92   0 893]]